3678 3975
3718 3943
3914 3709
3693 3952
3678 3975
3747 3918
3787 3886
3792 3848
3762 3895
3832 3804
3762 3895
3914 3709
3757 3912
3747 3918
3757 3912
3693 3952
3723 3919
3783 3888
3714 3945
3747 3918
3718 3943
3787 3886
3718 3943
3747 3918
3783 3888
3783 3888
3762 3895
3832 3804
3678 3975
3762 3895
3723 3919
3757 3912
3802 3830
3762 3895
3762 3895
3723 3919
3757 3912
3802 3830
3757 3912
3802 3830
3757 3912
3757 3912
3762 3895
3747 3918
3802 3830
3802 3830
3757 3912
3718 3943
3747 3918
3783 3888
3762 3895
3783 3888
3787 3886
3747 3918
3757 3912
3762 3895
3757 3912
3678 3975
3787 3886
3757 3912
3787 3886
3762 3895
3787 3886
3693 3952
3678 3975
3762 3895
3783 3888
3762 3895
3757 3912
3783 3888
3718 3943
3757 3912
3762 3895
3783 3888
3693 3952
3678 3975
3757 3912
3762 3895
3762 3895
3747 3918
3762 3895
3723 3919
3783 3888
3718 3943
3757 3912
3802 3830
3757 3912
3762 3895
3747 3918
3802 3830
3762 3895
3718 3943
3762 3895
3762 3895
3693 3952
3762 3895
3762 3895
3762 3895
3723 3919
3783 3888
3757 3912
3792 3848
3757 3912
3747 3918
3783 3888
3787 3886
3747 3918
3762 3895
3802 3830
3757 3912
3678 3975
3802 3830
3714 3945
3757 3912
3757 3912
3718 3943
3787 3886
3762 3895
3792 3848
3693 3952
3802 3830
3783 3888
3718 3943
3714 3945
3757 3912
3783 3888
3783 3888
3718 3943
3723 3919
3762 3895
3802 3830
